100
12 43 -45 56 -78 12 43 -45 56 -78 12 43 -45 56 -78 12 43 -45 56 -78 12 43 -45 56 -78 12 43 -45 56 -78 12 43 -45 56 -78 12 43 -45 56 -78 12 43 -45 56 -78 12 43 -45 56 -78 12 43 -45 56 -78 12 43 -45 56 -78 12 43 -45 56 -78 12 43 -45 56 -78 12 43 -45 56 -78 12 43 -45 56 -78 12 43 -45 56 -78 12 43 -45 56 -78 12 43 -45 56 -78 12 43 -45 56 -78 
12 43 -45 56 -78 12 43 -45 56 -78 12 43 -45 56 -78 12 43 -45 56 -78 12 43 -45 56 -78 12 43 -45 56 -78 12 43 -45 56 -78 12 43 -45 56 -78 12 43 -45 56 -78 12 43 -45 56 -78 12 43 -45 56 -78 12 43 -45 56 -78 12 43 -45 56 -78 12 43 -45 56 -78 12 43 -45 56 -78 12 43 -45 56 -78 12 43 -45 56 -78 12 43 -45 56 -78 12 43 -45 56 -78 12 43 -45 56 -78 
12 43 -45 56 -78 12 43 -45 56 -78 12 43 -45 56 -78 12 43 -45 56 -78 12 43 -45 56 -78 12 43 -45 56 -78 12 43 -45 56 -78 12 43 -45 56 -78 12 43 -45 56 -78 12 43 -45 56 -78 12 43 -45 56 -78 12 43 -45 56 -78 12 43 -45 56 -78 12 43 -45 56 -78 12 43 -45 56 -78 12 43 -45 56 -78 12 43 -45 56 -78 12 43 -45 56 -78 12 43 -45 56 -78 12 43 -45 56 -78 
12 43 -45 56 -78 12 43 -45 56 -78 12 43 -45 56 -78 12 43 -45 56 -78 12 43 -45 56 -78 12 43 -45 56 -78 12 43 -45 56 -78 12 43 -45 56 -78 12 43 -45 56 -78 12 43 -45 56 -78 12 43 -45 56 -78 12 43 -45 56 -78 12 43 -45 56 -78 12 43 -45 56 -78 12 43 -45 56 -78 12 43 -45 56 -78 12 43 -45 56 -78 12 43 -45 56 -78 12 43 -45 56 -78 12 43 -45 56 -78 
12 43 -45 56 -78 12 43 -45 56 -78 12 43 -45 56 -78 12 43 -45 56 -78 12 43 -45 56 -78 12 43 -45 56 -78 12 43 -45 56 -78 12 43 -45 56 -78 12 43 -45 56 -78 12 43 -45 56 -78 12 43 -45 56 -78 12 43 -45 56 -78 12 43 -45 56 -78 12 43 -45 56 -78 12 43 -45 56 -78 12 43 -45 56 -78 12 43 -45 56 -78 12 43 -45 56 -78 12 43 -45 56 -78 12 43 -45 56 -78 
12 43 -45 56 -78 12 43 -45 56 -78 12 43 -45 56 -78 12 43 -45 56 -78 12 43 -45 56 -78 12 43 -45 56 -78 12 43 -45 56 -78 12 43 -45 56 -78 12 43 -45 56 -78 12 43 -45 56 -78 12 43 -45 56 -78 12 43 -45 56 -78 12 43 -45 56 -78 12 43 -45 56 -78 12 43 -45 56 -78 12 43 -45 56 -78 12 43 -45 56 -78 12 43 -45 56 -78 12 43 -45 56 -78 12 43 -45 56 -78 
12 43 -45 56 -78 12 43 -45 56 -78 12 43 -45 56 -78 12 43 -45 56 -78 12 43 -45 56 -78 12 43 -45 56 -78 12 43 -45 56 -78 12 43 -45 56 -78 12 43 -45 56 -78 12 43 -45 56 -78 12 43 -45 56 -78 12 43 -45 56 -78 12 43 -45 56 -78 12 43 -45 56 -78 12 43 -45 56 -78 12 43 -45 56 -78 12 43 -45 56 -78 12 43 -45 56 -78 12 43 -45 56 -78 12 43 -45 56 -78 
12 43 -45 56 -78 12 43 -45 56 -78 12 43 -45 56 -78 12 43 -45 56 -78 12 43 -45 56 -78 12 43 -45 56 -78 12 43 -45 56 -78 12 43 -45 56 -78 12 43 -45 56 -78 12 43 -45 56 -78 12 43 -45 56 -78 12 43 -45 56 -78 12 43 -45 56 -78 12 43 -45 56 -78 12 43 -45 56 -78 12 43 -45 56 -78 12 43 -45 56 -78 12 43 -45 56 -78 12 43 -45 56 -78 12 43 -45 56 -78 
12 43 -45 56 -78 12 43 -45 56 -78 12 43 -45 56 -78 12 43 -45 56 -78 12 43 -45 56 -78 12 43 -45 56 -78 12 43 -45 56 -78 12 43 -45 56 -78 12 43 -45 56 -78 12 43 -45 56 -78 12 43 -45 56 -78 12 43 -45 56 -78 12 43 -45 56 -78 12 43 -45 56 -78 12 43 -45 56 -78 12 43 -45 56 -78 12 43 -45 56 -78 12 43 -45 56 -78 12 43 -45 56 -78 12 43 -45 56 -78 
12 43 -45 56 -78 12 43 -45 56 -78 12 43 -45 56 -78 12 43 -45 56 -78 12 43 -45 56 -78 12 43 -45 56 -78 12 43 -45 56 -78 12 43 -45 56 -78 12 43 -45 56 -78 12 43 -45 56 -78 12 43 -45 56 -78 12 43 -45 56 -78 12 43 -45 56 -78 12 43 -45 56 -78 12 43 -45 56 -78 12 43 -45 56 -78 12 43 -45 56 -78 12 43 -45 56 -78 12 43 -45 56 -78 12 43 -45 56 -78 
12 43 -45 56 -78 12 43 -45 56 -78 12 43 -45 56 -78 12 43 -45 56 -78 12 43 -45 56 -78 12 43 -45 56 -78 12 43 -45 56 -78 12 43 -45 56 -78 12 43 -45 56 -78 12 43 -45 56 -78 12 43 -45 56 -78 12 43 -45 56 -78 12 43 -45 56 -78 12 43 -45 56 -78 12 43 -45 56 -78 12 43 -45 56 -78 12 43 -45 56 -78 12 43 -45 56 -78 12 43 -45 56 -78 12 43 -45 56 -78 
12 43 -45 56 -78 12 43 -45 56 -78 12 43 -45 56 -78 12 43 -45 56 -78 12 43 -45 56 -78 12 43 -45 56 -78 12 43 -45 56 -78 12 43 -45 56 -78 12 43 -45 56 -78 12 43 -45 56 -78 12 43 -45 56 -78 12 43 -45 56 -78 12 43 -45 56 -78 12 43 -45 56 -78 12 43 -45 56 -78 12 43 -45 56 -78 12 43 -45 56 -78 12 43 -45 56 -78 12 43 -45 56 -78 12 43 -45 56 -78 
12 43 -45 56 -78 12 43 -45 56 -78 12 43 -45 56 -78 12 43 -45 56 -78 12 43 -45 56 -78 12 43 -45 56 -78 12 43 -45 56 -78 12 43 -45 56 -78 12 43 -45 56 -78 12 43 -45 56 -78 12 43 -45 56 -78 12 43 -45 56 -78 12 43 -45 56 -78 12 43 -45 56 -78 12 43 -45 56 -78 12 43 -45 56 -78 12 43 -45 56 -78 12 43 -45 56 -78 12 43 -45 56 -78 12 43 -45 56 -78 
12 43 -45 56 -78 12 43 -45 56 -78 12 43 -45 56 -78 12 43 -45 56 -78 12 43 -45 56 -78 12 43 -45 56 -78 12 43 -45 56 -78 12 43 -45 56 -78 12 43 -45 56 -78 12 43 -45 56 -78 12 43 -45 56 -78 12 43 -45 56 -78 12 43 -45 56 -78 12 43 -45 56 -78 12 43 -45 56 -78 12 43 -45 56 -78 12 43 -45 56 -78 12 43 -45 56 -78 12 43 -45 56 -78 12 43 -45 56 -78 
12 43 -45 56 -78 12 43 -45 56 -78 12 43 -45 56 -78 12 43 -45 56 -78 12 43 -45 56 -78 12 43 -45 56 -78 12 43 -45 56 -78 12 43 -45 56 -78 12 43 -45 56 -78 12 43 -45 56 -78 12 43 -45 56 -78 12 43 -45 56 -78 12 43 -45 56 -78 12 43 -45 56 -78 12 43 -45 56 -78 12 43 -45 56 -78 12 43 -45 56 -78 12 43 -45 56 -78 12 43 -45 56 -78 12 43 -45 56 -78 
12 43 -45 56 -78 12 43 -45 56 -78 12 43 -45 56 -78 12 43 -45 56 -78 12 43 -45 56 -78 12 43 -45 56 -78 12 43 -45 56 -78 12 43 -45 56 -78 12 43 -45 56 -78 12 43 -45 56 -78 12 43 -45 56 -78 12 43 -45 56 -78 12 43 -45 56 -78 12 43 -45 56 -78 12 43 -45 56 -78 12 43 -45 56 -78 12 43 -45 56 -78 12 43 -45 56 -78 12 43 -45 56 -78 12 43 -45 56 -78 
12 43 -45 56 -78 12 43 -45 56 -78 12 43 -45 56 -78 12 43 -45 56 -78 12 43 -45 56 -78 12 43 -45 56 -78 12 43 -45 56 -78 12 43 -45 56 -78 12 43 -45 56 -78 12 43 -45 56 -78 12 43 -45 56 -78 12 43 -45 56 -78 12 43 -45 56 -78 12 43 -45 56 -78 12 43 -45 56 -78 12 43 -45 56 -78 12 43 -45 56 -78 12 43 -45 56 -78 12 43 -45 56 -78 12 43 -45 56 -78 
12 43 -45 56 -78 12 43 -45 56 -78 12 43 -45 56 -78 12 43 -45 56 -78 12 43 -45 56 -78 12 43 -45 56 -78 12 43 -45 56 -78 12 43 -45 56 -78 12 43 -45 56 -78 12 43 -45 56 -78 12 43 -45 56 -78 12 43 -45 56 -78 12 43 -45 56 -78 12 43 -45 56 -78 12 43 -45 56 -78 12 43 -45 56 -78 12 43 -45 56 -78 12 43 -45 56 -78 12 43 -45 56 -78 12 43 -45 56 -78 
12 43 -45 56 -78 12 43 -45 56 -78 12 43 -45 56 -78 12 43 -45 56 -78 12 43 -45 56 -78 12 43 -45 56 -78 12 43 -45 56 -78 12 43 -45 56 -78 12 43 -45 56 -78 12 43 -45 56 -78 12 43 -45 56 -78 12 43 -45 56 -78 12 43 -45 56 -78 12 43 -45 56 -78 12 43 -45 56 -78 12 43 -45 56 -78 12 43 -45 56 -78 12 43 -45 56 -78 12 43 -45 56 -78 12 43 -45 56 -78 
12 43 -45 56 -78 12 43 -45 56 -78 12 43 -45 56 -78 12 43 -45 56 -78 12 43 -45 56 -78 12 43 -45 56 -78 12 43 -45 56 -78 12 43 -45 56 -78 12 43 -45 56 -78 12 43 -45 56 -78 12 43 -45 56 -78 12 43 -45 56 -78 12 43 -45 56 -78 12 43 -45 56 -78 12 43 -45 56 -78 12 43 -45 56 -78 12 43 -45 56 -78 12 43 -45 56 -78 12 43 -45 56 -78 12 43 -45 56 -78 
12 43 -45 56 -78 12 43 -45 56 -78 12 43 -45 56 -78 12 43 -45 56 -78 12 43 -45 56 -78 12 43 -45 56 -78 12 43 -45 56 -78 12 43 -45 56 -78 12 43 -45 56 -78 12 43 -45 56 -78 12 43 -45 56 -78 12 43 -45 56 -78 12 43 -45 56 -78 12 43 -45 56 -78 12 43 -45 56 -78 12 43 -45 56 -78 12 43 -45 56 -78 12 43 -45 56 -78 12 43 -45 56 -78 12 43 -45 56 -78 
12 43 -45 56 -78 12 43 -45 56 -78 12 43 -45 56 -78 12 43 -45 56 -78 12 43 -45 56 -78 12 43 -45 56 -78 12 43 -45 56 -78 12 43 -45 56 -78 12 43 -45 56 -78 12 43 -45 56 -78 12 43 -45 56 -78 12 43 -45 56 -78 12 43 -45 56 -78 12 43 -45 56 -78 12 43 -45 56 -78 12 43 -45 56 -78 12 43 -45 56 -78 12 43 -45 56 -78 12 43 -45 56 -78 12 43 -45 56 -78 
12 43 -45 56 -78 12 43 -45 56 -78 12 43 -45 56 -78 12 43 -45 56 -78 12 43 -45 56 -78 12 43 -45 56 -78 12 43 -45 56 -78 12 43 -45 56 -78 12 43 -45 56 -78 12 43 -45 56 -78 12 43 -45 56 -78 12 43 -45 56 -78 12 43 -45 56 -78 12 43 -45 56 -78 12 43 -45 56 -78 12 43 -45 56 -78 12 43 -45 56 -78 12 43 -45 56 -78 12 43 -45 56 -78 12 43 -45 56 -78 
12 43 -45 56 -78 12 43 -45 56 -78 12 43 -45 56 -78 12 43 -45 56 -78 12 43 -45 56 -78 12 43 -45 56 -78 12 43 -45 56 -78 12 43 -45 56 -78 12 43 -45 56 -78 12 43 -45 56 -78 12 43 -45 56 -78 12 43 -45 56 -78 12 43 -45 56 -78 12 43 -45 56 -78 12 43 -45 56 -78 12 43 -45 56 -78 12 43 -45 56 -78 12 43 -45 56 -78 12 43 -45 56 -78 12 43 -45 56 -78 
12 43 -45 56 -78 12 43 -45 56 -78 12 43 -45 56 -78 12 43 -45 56 -78 12 43 -45 56 -78 12 43 -45 56 -78 12 43 -45 56 -78 12 43 -45 56 -78 12 43 -45 56 -78 12 43 -45 56 -78 12 43 -45 56 -78 12 43 -45 56 -78 12 43 -45 56 -78 12 43 -45 56 -78 12 43 -45 56 -78 12 43 -45 56 -78 12 43 -45 56 -78 12 43 -45 56 -78 12 43 -45 56 -78 12 43 -45 56 -78 
12 43 -45 56 -78 12 43 -45 56 -78 12 43 -45 56 -78 12 43 -45 56 -78 12 43 -45 56 -78 12 43 -45 56 -78 12 43 -45 56 -78 12 43 -45 56 -78 12 43 -45 56 -78 12 43 -45 56 -78 12 43 -45 56 -78 12 43 -45 56 -78 12 43 -45 56 -78 12 43 -45 56 -78 12 43 -45 56 -78 12 43 -45 56 -78 12 43 -45 56 -78 12 43 -45 56 -78 12 43 -45 56 -78 12 43 -45 56 -78 
12 43 -45 56 -78 12 43 -45 56 -78 12 43 -45 56 -78 12 43 -45 56 -78 12 43 -45 56 -78 12 43 -45 56 -78 12 43 -45 56 -78 12 43 -45 56 -78 12 43 -45 56 -78 12 43 -45 56 -78 12 43 -45 56 -78 12 43 -45 56 -78 12 43 -45 56 -78 12 43 -45 56 -78 12 43 -45 56 -78 12 43 -45 56 -78 12 43 -45 56 -78 12 43 -45 56 -78 12 43 -45 56 -78 12 43 -45 56 -78 
12 43 -45 56 -78 12 43 -45 56 -78 12 43 -45 56 -78 12 43 -45 56 -78 12 43 -45 56 -78 12 43 -45 56 -78 12 43 -45 56 -78 12 43 -45 56 -78 12 43 -45 56 -78 12 43 -45 56 -78 12 43 -45 56 -78 12 43 -45 56 -78 12 43 -45 56 -78 12 43 -45 56 -78 12 43 -45 56 -78 12 43 -45 56 -78 12 43 -45 56 -78 12 43 -45 56 -78 12 43 -45 56 -78 12 43 -45 56 -78 
12 43 -45 56 -78 12 43 -45 56 -78 12 43 -45 56 -78 12 43 -45 56 -78 12 43 -45 56 -78 12 43 -45 56 -78 12 43 -45 56 -78 12 43 -45 56 -78 12 43 -45 56 -78 12 43 -45 56 -78 12 43 -45 56 -78 12 43 -45 56 -78 12 43 -45 56 -78 12 43 -45 56 -78 12 43 -45 56 -78 12 43 -45 56 -78 12 43 -45 56 -78 12 43 -45 56 -78 12 43 -45 56 -78 12 43 -45 56 -78 
12 43 -45 56 -78 12 43 -45 56 -78 12 43 -45 56 -78 12 43 -45 56 -78 12 43 -45 56 -78 12 43 -45 56 -78 12 43 -45 56 -78 12 43 -45 56 -78 12 43 -45 56 -78 12 43 -45 56 -78 12 43 -45 56 -78 12 43 -45 56 -78 12 43 -45 56 -78 12 43 -45 56 -78 12 43 -45 56 -78 12 43 -45 56 -78 12 43 -45 56 -78 12 43 -45 56 -78 12 43 -45 56 -78 12 43 -45 56 -78 
12 43 -45 56 -78 12 43 -45 56 -78 12 43 -45 56 -78 12 43 -45 56 -78 12 43 -45 56 -78 12 43 -45 56 -78 12 43 -45 56 -78 12 43 -45 56 -78 12 43 -45 56 -78 12 43 -45 56 -78 12 43 -45 56 -78 12 43 -45 56 -78 12 43 -45 56 -78 12 43 -45 56 -78 12 43 -45 56 -78 12 43 -45 56 -78 12 43 -45 56 -78 12 43 -45 56 -78 12 43 -45 56 -78 12 43 -45 56 -78 
12 43 -45 56 -78 12 43 -45 56 -78 12 43 -45 56 -78 12 43 -45 56 -78 12 43 -45 56 -78 12 43 -45 56 -78 12 43 -45 56 -78 12 43 -45 56 -78 12 43 -45 56 -78 12 43 -45 56 -78 12 43 -45 56 -78 12 43 -45 56 -78 12 43 -45 56 -78 12 43 -45 56 -78 12 43 -45 56 -78 12 43 -45 56 -78 12 43 -45 56 -78 12 43 -45 56 -78 12 43 -45 56 -78 12 43 -45 56 -78 
12 43 -45 56 -78 12 43 -45 56 -78 12 43 -45 56 -78 12 43 -45 56 -78 12 43 -45 56 -78 12 43 -45 56 -78 12 43 -45 56 -78 12 43 -45 56 -78 12 43 -45 56 -78 12 43 -45 56 -78 12 43 -45 56 -78 12 43 -45 56 -78 12 43 -45 56 -78 12 43 -45 56 -78 12 43 -45 56 -78 12 43 -45 56 -78 12 43 -45 56 -78 12 43 -45 56 -78 12 43 -45 56 -78 12 43 -45 56 -78 
12 43 -45 56 -78 12 43 -45 56 -78 12 43 -45 56 -78 12 43 -45 56 -78 12 43 -45 56 -78 12 43 -45 56 -78 12 43 -45 56 -78 12 43 -45 56 -78 12 43 -45 56 -78 12 43 -45 56 -78 12 43 -45 56 -78 12 43 -45 56 -78 12 43 -45 56 -78 12 43 -45 56 -78 12 43 -45 56 -78 12 43 -45 56 -78 12 43 -45 56 -78 12 43 -45 56 -78 12 43 -45 56 -78 12 43 -45 56 -78 
12 43 -45 56 -78 12 43 -45 56 -78 12 43 -45 56 -78 12 43 -45 56 -78 12 43 -45 56 -78 12 43 -45 56 -78 12 43 -45 56 -78 12 43 -45 56 -78 12 43 -45 56 -78 12 43 -45 56 -78 12 43 -45 56 -78 12 43 -45 56 -78 12 43 -45 56 -78 12 43 -45 56 -78 12 43 -45 56 -78 12 43 -45 56 -78 12 43 -45 56 -78 12 43 -45 56 -78 12 43 -45 56 -78 12 43 -45 56 -78 
12 43 -45 56 -78 12 43 -45 56 -78 12 43 -45 56 -78 12 43 -45 56 -78 12 43 -45 56 -78 12 43 -45 56 -78 12 43 -45 56 -78 12 43 -45 56 -78 12 43 -45 56 -78 12 43 -45 56 -78 12 43 -45 56 -78 12 43 -45 56 -78 12 43 -45 56 -78 12 43 -45 56 -78 12 43 -45 56 -78 12 43 -45 56 -78 12 43 -45 56 -78 12 43 -45 56 -78 12 43 -45 56 -78 12 43 -45 56 -78 
12 43 -45 56 -78 12 43 -45 56 -78 12 43 -45 56 -78 12 43 -45 56 -78 12 43 -45 56 -78 12 43 -45 56 -78 12 43 -45 56 -78 12 43 -45 56 -78 12 43 -45 56 -78 12 43 -45 56 -78 12 43 -45 56 -78 12 43 -45 56 -78 12 43 -45 56 -78 12 43 -45 56 -78 12 43 -45 56 -78 12 43 -45 56 -78 12 43 -45 56 -78 12 43 -45 56 -78 12 43 -45 56 -78 12 43 -45 56 -78 
12 43 -45 56 -78 12 43 -45 56 -78 12 43 -45 56 -78 12 43 -45 56 -78 12 43 -45 56 -78 12 43 -45 56 -78 12 43 -45 56 -78 12 43 -45 56 -78 12 43 -45 56 -78 12 43 -45 56 -78 12 43 -45 56 -78 12 43 -45 56 -78 12 43 -45 56 -78 12 43 -45 56 -78 12 43 -45 56 -78 12 43 -45 56 -78 12 43 -45 56 -78 12 43 -45 56 -78 12 43 -45 56 -78 12 43 -45 56 -78 
12 43 -45 56 -78 12 43 -45 56 -78 12 43 -45 56 -78 12 43 -45 56 -78 12 43 -45 56 -78 12 43 -45 56 -78 12 43 -45 56 -78 12 43 -45 56 -78 12 43 -45 56 -78 12 43 -45 56 -78 12 43 -45 56 -78 12 43 -45 56 -78 12 43 -45 56 -78 12 43 -45 56 -78 12 43 -45 56 -78 12 43 -45 56 -78 12 43 -45 56 -78 12 43 -45 56 -78 12 43 -45 56 -78 12 43 -45 56 -78 
12 43 -45 56 -78 12 43 -45 56 -78 12 43 -45 56 -78 12 43 -45 56 -78 12 43 -45 56 -78 12 43 -45 56 -78 12 43 -45 56 -78 12 43 -45 56 -78 12 43 -45 56 -78 12 43 -45 56 -78 12 43 -45 56 -78 12 43 -45 56 -78 12 43 -45 56 -78 12 43 -45 56 -78 12 43 -45 56 -78 12 43 -45 56 -78 12 43 -45 56 -78 12 43 -45 56 -78 12 43 -45 56 -78 12 43 -45 56 -78 
12 43 -45 56 -78 12 43 -45 56 -78 12 43 -45 56 -78 12 43 -45 56 -78 12 43 -45 56 -78 12 43 -45 56 -78 12 43 -45 56 -78 12 43 -45 56 -78 12 43 -45 56 -78 12 43 -45 56 -78 12 43 -45 56 -78 12 43 -45 56 -78 12 43 -45 56 -78 12 43 -45 56 -78 12 43 -45 56 -78 12 43 -45 56 -78 12 43 -45 56 -78 12 43 -45 56 -78 12 43 -45 56 -78 12 43 -45 56 -78 
12 43 -45 56 -78 12 43 -45 56 -78 12 43 -45 56 -78 12 43 -45 56 -78 12 43 -45 56 -78 12 43 -45 56 -78 12 43 -45 56 -78 12 43 -45 56 -78 12 43 -45 56 -78 12 43 -45 56 -78 12 43 -45 56 -78 12 43 -45 56 -78 12 43 -45 56 -78 12 43 -45 56 -78 12 43 -45 56 -78 12 43 -45 56 -78 12 43 -45 56 -78 12 43 -45 56 -78 12 43 -45 56 -78 12 43 -45 56 -78 
12 43 -45 56 -78 12 43 -45 56 -78 12 43 -45 56 -78 12 43 -45 56 -78 12 43 -45 56 -78 12 43 -45 56 -78 12 43 -45 56 -78 12 43 -45 56 -78 12 43 -45 56 -78 12 43 -45 56 -78 12 43 -45 56 -78 12 43 -45 56 -78 12 43 -45 56 -78 12 43 -45 56 -78 12 43 -45 56 -78 12 43 -45 56 -78 12 43 -45 56 -78 12 43 -45 56 -78 12 43 -45 56 -78 12 43 -45 56 -78 
12 43 -45 56 -78 12 43 -45 56 -78 12 43 -45 56 -78 12 43 -45 56 -78 12 43 -45 56 -78 12 43 -45 56 -78 12 43 -45 56 -78 12 43 -45 56 -78 12 43 -45 56 -78 12 43 -45 56 -78 12 43 -45 56 -78 12 43 -45 56 -78 12 43 -45 56 -78 12 43 -45 56 -78 12 43 -45 56 -78 12 43 -45 56 -78 12 43 -45 56 -78 12 43 -45 56 -78 12 43 -45 56 -78 12 43 -45 56 -78 
12 43 -45 56 -78 12 43 -45 56 -78 12 43 -45 56 -78 12 43 -45 56 -78 12 43 -45 56 -78 12 43 -45 56 -78 12 43 -45 56 -78 12 43 -45 56 -78 12 43 -45 56 -78 12 43 -45 56 -78 12 43 -45 56 -78 12 43 -45 56 -78 12 43 -45 56 -78 12 43 -45 56 -78 12 43 -45 56 -78 12 43 -45 56 -78 12 43 -45 56 -78 12 43 -45 56 -78 12 43 -45 56 -78 12 43 -45 56 -78 
12 43 -45 56 -78 12 43 -45 56 -78 12 43 -45 56 -78 12 43 -45 56 -78 12 43 -45 56 -78 12 43 -45 56 -78 12 43 -45 56 -78 12 43 -45 56 -78 12 43 -45 56 -78 12 43 -45 56 -78 12 43 -45 56 -78 12 43 -45 56 -78 12 43 -45 56 -78 12 43 -45 56 -78 12 43 -45 56 -78 12 43 -45 56 -78 12 43 -45 56 -78 12 43 -45 56 -78 12 43 -45 56 -78 12 43 -45 56 -78 
12 43 -45 56 -78 12 43 -45 56 -78 12 43 -45 56 -78 12 43 -45 56 -78 12 43 -45 56 -78 12 43 -45 56 -78 12 43 -45 56 -78 12 43 -45 56 -78 12 43 -45 56 -78 12 43 -45 56 -78 12 43 -45 56 -78 12 43 -45 56 -78 12 43 -45 56 -78 12 43 -45 56 -78 12 43 -45 56 -78 12 43 -45 56 -78 12 43 -45 56 -78 12 43 -45 56 -78 12 43 -45 56 -78 12 43 -45 56 -78 
12 43 -45 56 -78 12 43 -45 56 -78 12 43 -45 56 -78 12 43 -45 56 -78 12 43 -45 56 -78 12 43 -45 56 -78 12 43 -45 56 -78 12 43 -45 56 -78 12 43 -45 56 -78 12 43 -45 56 -78 12 43 -45 56 -78 12 43 -45 56 -78 12 43 -45 56 -78 12 43 -45 56 -78 12 43 -45 56 -78 12 43 -45 56 -78 12 43 -45 56 -78 12 43 -45 56 -78 12 43 -45 56 -78 12 43 -45 56 -78 
12 43 -45 56 -78 12 43 -45 56 -78 12 43 -45 56 -78 12 43 -45 56 -78 12 43 -45 56 -78 12 43 -45 56 -78 12 43 -45 56 -78 12 43 -45 56 -78 12 43 -45 56 -78 12 43 -45 56 -78 12 43 -45 56 -78 12 43 -45 56 -78 12 43 -45 56 -78 12 43 -45 56 -78 12 43 -45 56 -78 12 43 -45 56 -78 12 43 -45 56 -78 12 43 -45 56 -78 12 43 -45 56 -78 12 43 -45 56 -78 
12 43 -45 56 -78 12 43 -45 56 -78 12 43 -45 56 -78 12 43 -45 56 -78 12 43 -45 56 -78 12 43 -45 56 -78 12 43 -45 56 -78 12 43 -45 56 -78 12 43 -45 56 -78 12 43 -45 56 -78 12 43 -45 56 -78 12 43 -45 56 -78 12 43 -45 56 -78 12 43 -45 56 -78 12 43 -45 56 -78 12 43 -45 56 -78 12 43 -45 56 -78 12 43 -45 56 -78 12 43 -45 56 -78 12 43 -45 56 -78 
12 43 -45 56 -78 12 43 -45 56 -78 12 43 -45 56 -78 12 43 -45 56 -78 12 43 -45 56 -78 12 43 -45 56 -78 12 43 -45 56 -78 12 43 -45 56 -78 12 43 -45 56 -78 12 43 -45 56 -78 12 43 -45 56 -78 12 43 -45 56 -78 12 43 -45 56 -78 12 43 -45 56 -78 12 43 -45 56 -78 12 43 -45 56 -78 12 43 -45 56 -78 12 43 -45 56 -78 12 43 -45 56 -78 12 43 -45 56 -78 
12 43 -45 56 -78 12 43 -45 56 -78 12 43 -45 56 -78 12 43 -45 56 -78 12 43 -45 56 -78 12 43 -45 56 -78 12 43 -45 56 -78 12 43 -45 56 -78 12 43 -45 56 -78 12 43 -45 56 -78 12 43 -45 56 -78 12 43 -45 56 -78 12 43 -45 56 -78 12 43 -45 56 -78 12 43 -45 56 -78 12 43 -45 56 -78 12 43 -45 56 -78 12 43 -45 56 -78 12 43 -45 56 -78 12 43 -45 56 -78 
12 43 -45 56 -78 12 43 -45 56 -78 12 43 -45 56 -78 12 43 -45 56 -78 12 43 -45 56 -78 12 43 -45 56 -78 12 43 -45 56 -78 12 43 -45 56 -78 12 43 -45 56 -78 12 43 -45 56 -78 12 43 -45 56 -78 12 43 -45 56 -78 12 43 -45 56 -78 12 43 -45 56 -78 12 43 -45 56 -78 12 43 -45 56 -78 12 43 -45 56 -78 12 43 -45 56 -78 12 43 -45 56 -78 12 43 -45 56 -78 
12 43 -45 56 -78 12 43 -45 56 -78 12 43 -45 56 -78 12 43 -45 56 -78 12 43 -45 56 -78 12 43 -45 56 -78 12 43 -45 56 -78 12 43 -45 56 -78 12 43 -45 56 -78 12 43 -45 56 -78 12 43 -45 56 -78 12 43 -45 56 -78 12 43 -45 56 -78 12 43 -45 56 -78 12 43 -45 56 -78 12 43 -45 56 -78 12 43 -45 56 -78 12 43 -45 56 -78 12 43 -45 56 -78 12 43 -45 56 -78 
12 43 -45 56 -78 12 43 -45 56 -78 12 43 -45 56 -78 12 43 -45 56 -78 12 43 -45 56 -78 12 43 -45 56 -78 12 43 -45 56 -78 12 43 -45 56 -78 12 43 -45 56 -78 12 43 -45 56 -78 12 43 -45 56 -78 12 43 -45 56 -78 12 43 -45 56 -78 12 43 -45 56 -78 12 43 -45 56 -78 12 43 -45 56 -78 12 43 -45 56 -78 12 43 -45 56 -78 12 43 -45 56 -78 12 43 -45 56 -78 
12 43 -45 56 -78 12 43 -45 56 -78 12 43 -45 56 -78 12 43 -45 56 -78 12 43 -45 56 -78 12 43 -45 56 -78 12 43 -45 56 -78 12 43 -45 56 -78 12 43 -45 56 -78 12 43 -45 56 -78 12 43 -45 56 -78 12 43 -45 56 -78 12 43 -45 56 -78 12 43 -45 56 -78 12 43 -45 56 -78 12 43 -45 56 -78 12 43 -45 56 -78 12 43 -45 56 -78 12 43 -45 56 -78 12 43 -45 56 -78 
12 43 -45 56 -78 12 43 -45 56 -78 12 43 -45 56 -78 12 43 -45 56 -78 12 43 -45 56 -78 12 43 -45 56 -78 12 43 -45 56 -78 12 43 -45 56 -78 12 43 -45 56 -78 12 43 -45 56 -78 12 43 -45 56 -78 12 43 -45 56 -78 12 43 -45 56 -78 12 43 -45 56 -78 12 43 -45 56 -78 12 43 -45 56 -78 12 43 -45 56 -78 12 43 -45 56 -78 12 43 -45 56 -78 12 43 -45 56 -78 
12 43 -45 56 -78 12 43 -45 56 -78 12 43 -45 56 -78 12 43 -45 56 -78 12 43 -45 56 -78 12 43 -45 56 -78 12 43 -45 56 -78 12 43 -45 56 -78 12 43 -45 56 -78 12 43 -45 56 -78 12 43 -45 56 -78 12 43 -45 56 -78 12 43 -45 56 -78 12 43 -45 56 -78 12 43 -45 56 -78 12 43 -45 56 -78 12 43 -45 56 -78 12 43 -45 56 -78 12 43 -45 56 -78 12 43 -45 56 -78 
12 43 -45 56 -78 12 43 -45 56 -78 12 43 -45 56 -78 12 43 -45 56 -78 12 43 -45 56 -78 12 43 -45 56 -78 12 43 -45 56 -78 12 43 -45 56 -78 12 43 -45 56 -78 12 43 -45 56 -78 12 43 -45 56 -78 12 43 -45 56 -78 12 43 -45 56 -78 12 43 -45 56 -78 12 43 -45 56 -78 12 43 -45 56 -78 12 43 -45 56 -78 12 43 -45 56 -78 12 43 -45 56 -78 12 43 -45 56 -78 
12 43 -45 56 -78 12 43 -45 56 -78 12 43 -45 56 -78 12 43 -45 56 -78 12 43 -45 56 -78 12 43 -45 56 -78 12 43 -45 56 -78 12 43 -45 56 -78 12 43 -45 56 -78 12 43 -45 56 -78 12 43 -45 56 -78 12 43 -45 56 -78 12 43 -45 56 -78 12 43 -45 56 -78 12 43 -45 56 -78 12 43 -45 56 -78 12 43 -45 56 -78 12 43 -45 56 -78 12 43 -45 56 -78 12 43 -45 56 -78 
12 43 -45 56 -78 12 43 -45 56 -78 12 43 -45 56 -78 12 43 -45 56 -78 12 43 -45 56 -78 12 43 -45 56 -78 12 43 -45 56 -78 12 43 -45 56 -78 12 43 -45 56 -78 12 43 -45 56 -78 12 43 -45 56 -78 12 43 -45 56 -78 12 43 -45 56 -78 12 43 -45 56 -78 12 43 -45 56 -78 12 43 -45 56 -78 12 43 -45 56 -78 12 43 -45 56 -78 12 43 -45 56 -78 12 43 -45 56 -78 
12 43 -45 56 -78 12 43 -45 56 -78 12 43 -45 56 -78 12 43 -45 56 -78 12 43 -45 56 -78 12 43 -45 56 -78 12 43 -45 56 -78 12 43 -45 56 -78 12 43 -45 56 -78 12 43 -45 56 -78 12 43 -45 56 -78 12 43 -45 56 -78 12 43 -45 56 -78 12 43 -45 56 -78 12 43 -45 56 -78 12 43 -45 56 -78 12 43 -45 56 -78 12 43 -45 56 -78 12 43 -45 56 -78 12 43 -45 56 -78 
12 43 -45 56 -78 12 43 -45 56 -78 12 43 -45 56 -78 12 43 -45 56 -78 12 43 -45 56 -78 12 43 -45 56 -78 12 43 -45 56 -78 12 43 -45 56 -78 12 43 -45 56 -78 12 43 -45 56 -78 12 43 -45 56 -78 12 43 -45 56 -78 12 43 -45 56 -78 12 43 -45 56 -78 12 43 -45 56 -78 12 43 -45 56 -78 12 43 -45 56 -78 12 43 -45 56 -78 12 43 -45 56 -78 12 43 -45 56 -78 
12 43 -45 56 -78 12 43 -45 56 -78 12 43 -45 56 -78 12 43 -45 56 -78 12 43 -45 56 -78 12 43 -45 56 -78 12 43 -45 56 -78 12 43 -45 56 -78 12 43 -45 56 -78 12 43 -45 56 -78 12 43 -45 56 -78 12 43 -45 56 -78 12 43 -45 56 -78 12 43 -45 56 -78 12 43 -45 56 -78 12 43 -45 56 -78 12 43 -45 56 -78 12 43 -45 56 -78 12 43 -45 56 -78 12 43 -45 56 -78 
12 43 -45 56 -78 12 43 -45 56 -78 12 43 -45 56 -78 12 43 -45 56 -78 12 43 -45 56 -78 12 43 -45 56 -78 12 43 -45 56 -78 12 43 -45 56 -78 12 43 -45 56 -78 12 43 -45 56 -78 12 43 -45 56 -78 12 43 -45 56 -78 12 43 -45 56 -78 12 43 -45 56 -78 12 43 -45 56 -78 12 43 -45 56 -78 12 43 -45 56 -78 12 43 -45 56 -78 12 43 -45 56 -78 12 43 -45 56 -78 
12 43 -45 56 -78 12 43 -45 56 -78 12 43 -45 56 -78 12 43 -45 56 -78 12 43 -45 56 -78 12 43 -45 56 -78 12 43 -45 56 -78 12 43 -45 56 -78 12 43 -45 56 -78 12 43 -45 56 -78 12 43 -45 56 -78 12 43 -45 56 -78 12 43 -45 56 -78 12 43 -45 56 -78 12 43 -45 56 -78 12 43 -45 56 -78 12 43 -45 56 -78 12 43 -45 56 -78 12 43 -45 56 -78 12 43 -45 56 -78 
12 43 -45 56 -78 12 43 -45 56 -78 12 43 -45 56 -78 12 43 -45 56 -78 12 43 -45 56 -78 12 43 -45 56 -78 12 43 -45 56 -78 12 43 -45 56 -78 12 43 -45 56 -78 12 43 -45 56 -78 12 43 -45 56 -78 12 43 -45 56 -78 12 43 -45 56 -78 12 43 -45 56 -78 12 43 -45 56 -78 12 43 -45 56 -78 12 43 -45 56 -78 12 43 -45 56 -78 12 43 -45 56 -78 12 43 -45 56 -78 
12 43 -45 56 -78 12 43 -45 56 -78 12 43 -45 56 -78 12 43 -45 56 -78 12 43 -45 56 -78 12 43 -45 56 -78 12 43 -45 56 -78 12 43 -45 56 -78 12 43 -45 56 -78 12 43 -45 56 -78 12 43 -45 56 -78 12 43 -45 56 -78 12 43 -45 56 -78 12 43 -45 56 -78 12 43 -45 56 -78 12 43 -45 56 -78 12 43 -45 56 -78 12 43 -45 56 -78 12 43 -45 56 -78 12 43 -45 56 -78 
12 43 -45 56 -78 12 43 -45 56 -78 12 43 -45 56 -78 12 43 -45 56 -78 12 43 -45 56 -78 12 43 -45 56 -78 12 43 -45 56 -78 12 43 -45 56 -78 12 43 -45 56 -78 12 43 -45 56 -78 12 43 -45 56 -78 12 43 -45 56 -78 12 43 -45 56 -78 12 43 -45 56 -78 12 43 -45 56 -78 12 43 -45 56 -78 12 43 -45 56 -78 12 43 -45 56 -78 12 43 -45 56 -78 12 43 -45 56 -78 
12 43 -45 56 -78 12 43 -45 56 -78 12 43 -45 56 -78 12 43 -45 56 -78 12 43 -45 56 -78 12 43 -45 56 -78 12 43 -45 56 -78 12 43 -45 56 -78 12 43 -45 56 -78 12 43 -45 56 -78 12 43 -45 56 -78 12 43 -45 56 -78 12 43 -45 56 -78 12 43 -45 56 -78 12 43 -45 56 -78 12 43 -45 56 -78 12 43 -45 56 -78 12 43 -45 56 -78 12 43 -45 56 -78 12 43 -45 56 -78 
12 43 -45 56 -78 12 43 -45 56 -78 12 43 -45 56 -78 12 43 -45 56 -78 12 43 -45 56 -78 12 43 -45 56 -78 12 43 -45 56 -78 12 43 -45 56 -78 12 43 -45 56 -78 12 43 -45 56 -78 12 43 -45 56 -78 12 43 -45 56 -78 12 43 -45 56 -78 12 43 -45 56 -78 12 43 -45 56 -78 12 43 -45 56 -78 12 43 -45 56 -78 12 43 -45 56 -78 12 43 -45 56 -78 12 43 -45 56 -78 
12 43 -45 56 -78 12 43 -45 56 -78 12 43 -45 56 -78 12 43 -45 56 -78 12 43 -45 56 -78 12 43 -45 56 -78 12 43 -45 56 -78 12 43 -45 56 -78 12 43 -45 56 -78 12 43 -45 56 -78 12 43 -45 56 -78 12 43 -45 56 -78 12 43 -45 56 -78 12 43 -45 56 -78 12 43 -45 56 -78 12 43 -45 56 -78 12 43 -45 56 -78 12 43 -45 56 -78 12 43 -45 56 -78 12 43 -45 56 -78 
12 43 -45 56 -78 12 43 -45 56 -78 12 43 -45 56 -78 12 43 -45 56 -78 12 43 -45 56 -78 12 43 -45 56 -78 12 43 -45 56 -78 12 43 -45 56 -78 12 43 -45 56 -78 12 43 -45 56 -78 12 43 -45 56 -78 12 43 -45 56 -78 12 43 -45 56 -78 12 43 -45 56 -78 12 43 -45 56 -78 12 43 -45 56 -78 12 43 -45 56 -78 12 43 -45 56 -78 12 43 -45 56 -78 12 43 -45 56 -78 
12 43 -45 56 -78 12 43 -45 56 -78 12 43 -45 56 -78 12 43 -45 56 -78 12 43 -45 56 -78 12 43 -45 56 -78 12 43 -45 56 -78 12 43 -45 56 -78 12 43 -45 56 -78 12 43 -45 56 -78 12 43 -45 56 -78 12 43 -45 56 -78 12 43 -45 56 -78 12 43 -45 56 -78 12 43 -45 56 -78 12 43 -45 56 -78 12 43 -45 56 -78 12 43 -45 56 -78 12 43 -45 56 -78 12 43 -45 56 -78 
12 43 -45 56 -78 12 43 -45 56 -78 12 43 -45 56 -78 12 43 -45 56 -78 12 43 -45 56 -78 12 43 -45 56 -78 12 43 -45 56 -78 12 43 -45 56 -78 12 43 -45 56 -78 12 43 -45 56 -78 12 43 -45 56 -78 12 43 -45 56 -78 12 43 -45 56 -78 12 43 -45 56 -78 12 43 -45 56 -78 12 43 -45 56 -78 12 43 -45 56 -78 12 43 -45 56 -78 12 43 -45 56 -78 12 43 -45 56 -78 
12 43 -45 56 -78 12 43 -45 56 -78 12 43 -45 56 -78 12 43 -45 56 -78 12 43 -45 56 -78 12 43 -45 56 -78 12 43 -45 56 -78 12 43 -45 56 -78 12 43 -45 56 -78 12 43 -45 56 -78 12 43 -45 56 -78 12 43 -45 56 -78 12 43 -45 56 -78 12 43 -45 56 -78 12 43 -45 56 -78 12 43 -45 56 -78 12 43 -45 56 -78 12 43 -45 56 -78 12 43 -45 56 -78 12 43 -45 56 -78 
12 43 -45 56 -78 12 43 -45 56 -78 12 43 -45 56 -78 12 43 -45 56 -78 12 43 -45 56 -78 12 43 -45 56 -78 12 43 -45 56 -78 12 43 -45 56 -78 12 43 -45 56 -78 12 43 -45 56 -78 12 43 -45 56 -78 12 43 -45 56 -78 12 43 -45 56 -78 12 43 -45 56 -78 12 43 -45 56 -78 12 43 -45 56 -78 12 43 -45 56 -78 12 43 -45 56 -78 12 43 -45 56 -78 12 43 -45 56 -78 
12 43 -45 56 -78 12 43 -45 56 -78 12 43 -45 56 -78 12 43 -45 56 -78 12 43 -45 56 -78 12 43 -45 56 -78 12 43 -45 56 -78 12 43 -45 56 -78 12 43 -45 56 -78 12 43 -45 56 -78 12 43 -45 56 -78 12 43 -45 56 -78 12 43 -45 56 -78 12 43 -45 56 -78 12 43 -45 56 -78 12 43 -45 56 -78 12 43 -45 56 -78 12 43 -45 56 -78 12 43 -45 56 -78 12 43 -45 56 -78 
12 43 -45 56 -78 12 43 -45 56 -78 12 43 -45 56 -78 12 43 -45 56 -78 12 43 -45 56 -78 12 43 -45 56 -78 12 43 -45 56 -78 12 43 -45 56 -78 12 43 -45 56 -78 12 43 -45 56 -78 12 43 -45 56 -78 12 43 -45 56 -78 12 43 -45 56 -78 12 43 -45 56 -78 12 43 -45 56 -78 12 43 -45 56 -78 12 43 -45 56 -78 12 43 -45 56 -78 12 43 -45 56 -78 12 43 -45 56 -78 
12 43 -45 56 -78 12 43 -45 56 -78 12 43 -45 56 -78 12 43 -45 56 -78 12 43 -45 56 -78 12 43 -45 56 -78 12 43 -45 56 -78 12 43 -45 56 -78 12 43 -45 56 -78 12 43 -45 56 -78 12 43 -45 56 -78 12 43 -45 56 -78 12 43 -45 56 -78 12 43 -45 56 -78 12 43 -45 56 -78 12 43 -45 56 -78 12 43 -45 56 -78 12 43 -45 56 -78 12 43 -45 56 -78 12 43 -45 56 -78 
12 43 -45 56 -78 12 43 -45 56 -78 12 43 -45 56 -78 12 43 -45 56 -78 12 43 -45 56 -78 12 43 -45 56 -78 12 43 -45 56 -78 12 43 -45 56 -78 12 43 -45 56 -78 12 43 -45 56 -78 12 43 -45 56 -78 12 43 -45 56 -78 12 43 -45 56 -78 12 43 -45 56 -78 12 43 -45 56 -78 12 43 -45 56 -78 12 43 -45 56 -78 12 43 -45 56 -78 12 43 -45 56 -78 12 43 -45 56 -78 
12 43 -45 56 -78 12 43 -45 56 -78 12 43 -45 56 -78 12 43 -45 56 -78 12 43 -45 56 -78 12 43 -45 56 -78 12 43 -45 56 -78 12 43 -45 56 -78 12 43 -45 56 -78 12 43 -45 56 -78 12 43 -45 56 -78 12 43 -45 56 -78 12 43 -45 56 -78 12 43 -45 56 -78 12 43 -45 56 -78 12 43 -45 56 -78 12 43 -45 56 -78 12 43 -45 56 -78 12 43 -45 56 -78 12 43 -45 56 -78 
12 43 -45 56 -78 12 43 -45 56 -78 12 43 -45 56 -78 12 43 -45 56 -78 12 43 -45 56 -78 12 43 -45 56 -78 12 43 -45 56 -78 12 43 -45 56 -78 12 43 -45 56 -78 12 43 -45 56 -78 12 43 -45 56 -78 12 43 -45 56 -78 12 43 -45 56 -78 12 43 -45 56 -78 12 43 -45 56 -78 12 43 -45 56 -78 12 43 -45 56 -78 12 43 -45 56 -78 12 43 -45 56 -78 12 43 -45 56 -78 
12 43 -45 56 -78 12 43 -45 56 -78 12 43 -45 56 -78 12 43 -45 56 -78 12 43 -45 56 -78 12 43 -45 56 -78 12 43 -45 56 -78 12 43 -45 56 -78 12 43 -45 56 -78 12 43 -45 56 -78 12 43 -45 56 -78 12 43 -45 56 -78 12 43 -45 56 -78 12 43 -45 56 -78 12 43 -45 56 -78 12 43 -45 56 -78 12 43 -45 56 -78 12 43 -45 56 -78 12 43 -45 56 -78 12 43 -45 56 -78 
12 43 -45 56 -78 12 43 -45 56 -78 12 43 -45 56 -78 12 43 -45 56 -78 12 43 -45 56 -78 12 43 -45 56 -78 12 43 -45 56 -78 12 43 -45 56 -78 12 43 -45 56 -78 12 43 -45 56 -78 12 43 -45 56 -78 12 43 -45 56 -78 12 43 -45 56 -78 12 43 -45 56 -78 12 43 -45 56 -78 12 43 -45 56 -78 12 43 -45 56 -78 12 43 -45 56 -78 12 43 -45 56 -78 12 43 -45 56 -78 
12 43 -45 56 -78 12 43 -45 56 -78 12 43 -45 56 -78 12 43 -45 56 -78 12 43 -45 56 -78 12 43 -45 56 -78 12 43 -45 56 -78 12 43 -45 56 -78 12 43 -45 56 -78 12 43 -45 56 -78 12 43 -45 56 -78 12 43 -45 56 -78 12 43 -45 56 -78 12 43 -45 56 -78 12 43 -45 56 -78 12 43 -45 56 -78 12 43 -45 56 -78 12 43 -45 56 -78 12 43 -45 56 -78 12 43 -45 56 -78 
12 43 -45 56 -78 12 43 -45 56 -78 12 43 -45 56 -78 12 43 -45 56 -78 12 43 -45 56 -78 12 43 -45 56 -78 12 43 -45 56 -78 12 43 -45 56 -78 12 43 -45 56 -78 12 43 -45 56 -78 12 43 -45 56 -78 12 43 -45 56 -78 12 43 -45 56 -78 12 43 -45 56 -78 12 43 -45 56 -78 12 43 -45 56 -78 12 43 -45 56 -78 12 43 -45 56 -78 12 43 -45 56 -78 12 43 -45 56 -78 
12 43 -45 56 -78 12 43 -45 56 -78 12 43 -45 56 -78 12 43 -45 56 -78 12 43 -45 56 -78 12 43 -45 56 -78 12 43 -45 56 -78 12 43 -45 56 -78 12 43 -45 56 -78 12 43 -45 56 -78 12 43 -45 56 -78 12 43 -45 56 -78 12 43 -45 56 -78 12 43 -45 56 -78 12 43 -45 56 -78 12 43 -45 56 -78 12 43 -45 56 -78 12 43 -45 56 -78 12 43 -45 56 -78 12 43 -45 56 -78 
12 43 -45 56 -78 12 43 -45 56 -78 12 43 -45 56 -78 12 43 -45 56 -78 12 43 -45 56 -78 12 43 -45 56 -78 12 43 -45 56 -78 12 43 -45 56 -78 12 43 -45 56 -78 12 43 -45 56 -78 12 43 -45 56 -78 12 43 -45 56 -78 12 43 -45 56 -78 12 43 -45 56 -78 12 43 -45 56 -78 12 43 -45 56 -78 12 43 -45 56 -78 12 43 -45 56 -78 12 43 -45 56 -78 12 43 -45 56 -78 
12 43 -45 56 -78 12 43 -45 56 -78 12 43 -45 56 -78 12 43 -45 56 -78 12 43 -45 56 -78 12 43 -45 56 -78 12 43 -45 56 -78 12 43 -45 56 -78 12 43 -45 56 -78 12 43 -45 56 -78 12 43 -45 56 -78 12 43 -45 56 -78 12 43 -45 56 -78 12 43 -45 56 -78 12 43 -45 56 -78 12 43 -45 56 -78 12 43 -45 56 -78 12 43 -45 56 -78 12 43 -45 56 -78 12 43 -45 56 -78 
12 43 -45 56 -78 12 43 -45 56 -78 12 43 -45 56 -78 12 43 -45 56 -78 12 43 -45 56 -78 12 43 -45 56 -78 12 43 -45 56 -78 12 43 -45 56 -78 12 43 -45 56 -78 12 43 -45 56 -78 12 43 -45 56 -78 12 43 -45 56 -78 12 43 -45 56 -78 12 43 -45 56 -78 12 43 -45 56 -78 12 43 -45 56 -78 12 43 -45 56 -78 12 43 -45 56 -78 12 43 -45 56 -78 12 43 -45 56 -78 
12 43 -45 56 -78 12 43 -45 56 -78 12 43 -45 56 -78 12 43 -45 56 -78 12 43 -45 56 -78 12 43 -45 56 -78 12 43 -45 56 -78 12 43 -45 56 -78 12 43 -45 56 -78 12 43 -45 56 -78 12 43 -45 56 -78 12 43 -45 56 -78 12 43 -45 56 -78 12 43 -45 56 -78 12 43 -45 56 -78 12 43 -45 56 -78 12 43 -45 56 -78 12 43 -45 56 -78 12 43 -45 56 -78 12 43 -45 56 -78 
12 43 -45 56 -78 12 43 -45 56 -78 12 43 -45 56 -78 12 43 -45 56 -78 12 43 -45 56 -78 12 43 -45 56 -78 12 43 -45 56 -78 12 43 -45 56 -78 12 43 -45 56 -78 12 43 -45 56 -78 12 43 -45 56 -78 12 43 -45 56 -78 12 43 -45 56 -78 12 43 -45 56 -78 12 43 -45 56 -78 12 43 -45 56 -78 12 43 -45 56 -78 12 43 -45 56 -78 12 43 -45 56 -78 12 43 -45 56 -78 
12 43 -45 56 -78 12 43 -45 56 -78 12 43 -45 56 -78 12 43 -45 56 -78 12 43 -45 56 -78 12 43 -45 56 -78 12 43 -45 56 -78 12 43 -45 56 -78 12 43 -45 56 -78 12 43 -45 56 -78 12 43 -45 56 -78 12 43 -45 56 -78 12 43 -45 56 -78 12 43 -45 56 -78 12 43 -45 56 -78 12 43 -45 56 -78 12 43 -45 56 -78 12 43 -45 56 -78 12 43 -45 56 -78 12 43 -45 56 -78 
12 43 -45 56 -78 12 43 -45 56 -78 12 43 -45 56 -78 12 43 -45 56 -78 12 43 -45 56 -78 12 43 -45 56 -78 12 43 -45 56 -78 12 43 -45 56 -78 12 43 -45 56 -78 12 43 -45 56 -78 12 43 -45 56 -78 12 43 -45 56 -78 12 43 -45 56 -78 12 43 -45 56 -78 12 43 -45 56 -78 12 43 -45 56 -78 12 43 -45 56 -78 12 43 -45 56 -78 12 43 -45 56 -78 12 43 -45 56 -78 
12 43 -45 56 -78 12 43 -45 56 -78 12 43 -45 56 -78 12 43 -45 56 -78 12 43 -45 56 -78 12 43 -45 56 -78 12 43 -45 56 -78 12 43 -45 56 -78 12 43 -45 56 -78 12 43 -45 56 -78 12 43 -45 56 -78 12 43 -45 56 -78 12 43 -45 56 -78 12 43 -45 56 -78 12 43 -45 56 -78 12 43 -45 56 -78 12 43 -45 56 -78 12 43 -45 56 -78 12 43 -45 56 -78 12 43 -45 56 -78 
12 43 -45 56 -78 12 43 -45 56 -78 12 43 -45 56 -78 12 43 -45 56 -78 12 43 -45 56 -78 12 43 -45 56 -78 12 43 -45 56 -78 12 43 -45 56 -78 12 43 -45 56 -78 12 43 -45 56 -78 12 43 -45 56 -78 12 43 -45 56 -78 12 43 -45 56 -78 12 43 -45 56 -78 12 43 -45 56 -78 12 43 -45 56 -78 12 43 -45 56 -78 12 43 -45 56 -78 12 43 -45 56 -78 12 43 -45 56 -78 
12 43 -45 56 -78 12 43 -45 56 -78 12 43 -45 56 -78 12 43 -45 56 -78 12 43 -45 56 -78 12 43 -45 56 -78 12 43 -45 56 -78 12 43 -45 56 -78 12 43 -45 56 -78 12 43 -45 56 -78 12 43 -45 56 -78 12 43 -45 56 -78 12 43 -45 56 -78 12 43 -45 56 -78 12 43 -45 56 -78 12 43 -45 56 -78 12 43 -45 56 -78 12 43 -45 56 -78 12 43 -45 56 -78 12 43 -45 56 -78 
12 43 -45 56 -78 12 43 -45 56 -78 12 43 -45 56 -78 12 43 -45 56 -78 12 43 -45 56 -78 12 43 -45 56 -78 12 43 -45 56 -78 12 43 -45 56 -78 12 43 -45 56 -78 12 43 -45 56 -78 12 43 -45 56 -78 12 43 -45 56 -78 12 43 -45 56 -78 12 43 -45 56 -78 12 43 -45 56 -78 12 43 -45 56 -78 12 43 -45 56 -78 12 43 -45 56 -78 12 43 -45 56 -78 12 43 -45 56 -78 
